2

0
0.000000
0.000000
0.000000
0.000000
0.000000
0.000000
0.000000
0.000000
0.000000
0.000000
0.000000
0.000000
0.000000
0.000000
0.000000
0.000000
0.000000
0.000000
0.000000
0.000000
0.000000
0.000000
0.000000
0.000000
0.000000
0.000000

1
1.217832
0.000000
0.000000
0.000000
24.047626
45.102116
0.000000
0.000000
64.502533
0.000000
0.000000
56.368954
0.000000
0.000000
0.000000
0.000000
0.000000
0.000000
0.000000
0.000000
0.000000
0.000000
0.000000
0.000000
0.000000
0.000000

2
1.965797
-3.643844
-1.647175
0.000000
24.047626
45.102116
26.193329
0.000000
64.502533
0.000000
20.692326
56.368954
0.000000
-23.626194
0.000000
0.000000
0.000000
0.000000
0.000000
0.000000
0.000000
0.000000
0.000000
0.000000
0.000000
0.000000

